experiment 1
Accuracy: 0.744017807457
Confusion Matrix:
176.    0.    1.    0.    0.    0.    1.    0.    0.    0.
  0.   59.    2.    0.    2.    0.    1.    1.    6.   19.
  0.   21.  148.    0.    0.    0.    0.    0.    1.    0.
  0.    1.   10.  165.    0.   24.    0.    0.   34.  145.
  2.    0.    0.    0.  176.    2.    1.   16.    4.    7.
  0.    0.    0.    1.    0.  155.    0.    0.    3.    5.
  0.    4.    0.    0.    0.    1.  176.    0.    2.    0.
  0.    0.    3.    9.    0.    0.    0.  159.    1.    3.
  0.   97.   13.    8.    3.    0.    2.    3.  123.    1.
  0.    0.    0.    0.    0.    0.    0.    0.    0.    0.

